Q_TABLE (Alpha=0.100001, Gamma=0.99, Episodes=25)
S[00]: 116.523361, -12.363185
S[01]: -0.067389, -0.872705
S[02]: 0.000000, 0.000000
S[03]: 0.000000, 0.000000
S[04]: 0.000000, 0.000000
S[05]: 0.000000, 0.000000
S[06]: 0.000000, 0.000000
S[07]: 0.000000, 0.000000
S[08]: 0.000000, 0.000000
S[09]: -13.972527, -67.539309
S[10]: 0.000000, 0.000000
S[11]: 0.000000, 0.000000
S[12]: 0.000000, 0.000000
S[13]: 0.000000, 0.000000
S[14]: 0.000000, 0.000000
S[15]: 0.000000, 0.000000
S[16]: 0.000000, 0.000000
S[17]: 0.000000, 0.000000
S[18]: -0.091859, 13.737621
S[19]: 0.000000, 0.000000
S[20]: 0.000000, 0.000000
S[21]: 0.000000, 0.000000
S[22]: 0.000000, 0.000000
S[23]: 0.000000, 0.000000
S[24]: 0.000000, 0.000000
S[25]: 0.000000, 0.000000
S[26]: 0.000000, 0.000000
S[27]: 0.000000, 0.000000
S[28]: 0.000000, 0.000000
S[29]: 0.000000, 0.000000
S[30]: 0.000000, 0.000000
S[31]: 0.000000, 0.000000
S[32]: 0.000000, 0.000000
S[33]: 0.000000, 0.000000
S[34]: 0.000000, 0.000000
S[35]: 0.000000, 0.000000
