Q_TABLE (Alpha=0.100001, Gamma=0.99, Episodes=707)
S[00]: 2144.621388, 930.627129
S[01]: 650.320972, 1150.306981
S[02]: 16.376038, 96.609563
S[03]: 104.244521, 2.441310
S[04]: 13.107936, -0.774597
S[05]: -3.261296, -144.392892
S[06]: 0.000000, 0.000000
S[07]: 0.000000, 0.000000
S[08]: 0.000000, 0.000000
S[09]: 185.560258, 104.910159
S[10]: 180.431334, 111.656374
S[11]: -1.398448, 49.674338
S[12]: -6.386600, -156.638625
S[13]: 9.914310, -156.716455
S[14]: -5.246068, -156.750158
S[15]: 0.000000, 0.000000
S[16]: 0.000000, 0.000000
S[17]: 0.000000, 0.000000
S[18]: 3403.394874, 2093.149825
S[19]: 1306.253979, 2123.654961
S[20]: 0.000000, 0.000000
S[21]: 204.241273, -5.665681
S[22]: 0.000000, 0.000000
S[23]: 0.000000, 0.000000
S[24]: 0.000000, 0.000000
S[25]: 0.000000, 0.000000
S[26]: 0.000000, 0.000000
S[27]: 686.235914, 133.151143
S[28]: 76.423461, 206.931228
S[29]: 0.000000, 0.000000
S[30]: 150.857380, -102.310059
S[31]: 43.715453, -48.384147
S[32]: -0.008445, -6.873581
S[33]: 0.000000, 0.000000
S[34]: 0.000000, 0.000000
S[35]: 0.000000, 0.000000
