Q_TABLE (Alpha=0.100001, Gamma=0.99, Episodes=0)
S[00]: 2774.159582, -9.191448
S[01]: 304.285720, -22.135004
S[02]: 88.305260, -45.545148
S[03]: 631.494113, -28.482249
S[04]: 5.978204, -30.996910
S[05]: -0.379843, -79.801484
S[06]: 305.516510, -19.489382
S[07]: -3.849948, -37.275728
S[08]: -5.168658, -72.306677
S[09]: 865.321007, -23.416981
S[10]: 108.282162, -33.399331
S[11]: 90.957017, -37.008746
S[12]: 36.248143, -28.841418
S[13]: -2.569965, -50.432114
S[14]: 23.516415, -44.231310
S[15]: -0.549110, -34.420717
S[16]: -0.640291, -34.096193
S[17]: -1.003140, -34.266786
S[18]: 4168.546546, 5.013627
S[19]: 0.000000, 1861.960889
S[20]: 0.000000, 0.000000
S[21]: 1143.997930, -30.755666
S[22]: 14.768558, -15.063604
S[23]: 14.254936, -15.042526
S[24]: -0.045364, -17.681417
S[25]: -0.004517, -20.540711
S[26]: 0.000000, 0.000000
S[27]: 1272.242190, -13.647769
S[28]: 260.981119, -19.128609
S[29]: -0.002831, 521.440534
S[30]: 0.000000, 0.000000
S[31]: 0.000000, 0.000000
S[32]: 0.000000, 0.000000
S[33]: 0.000000, 0.000000
S[34]: 0.000000, 0.000000
S[35]: 0.000000, 0.000000
