Q_TABLE (Alpha=0.100001, Gamma=0.99, Episodes=72)
S[00]: 2728.866552, 1985.412790
S[01]: 213.661880, 2185.800134
S[02]: -0.583956, 14.033360
S[03]: 358.415604, 1.522861
S[04]: 25.430616, -121.597916
S[05]: -1670.600283, -2517.712895
S[06]: -0.788392, -19.209214
S[07]: -0.880642, -41.068227
S[08]: -33.355929, -311.978890
S[09]: -144.364444, -321.786972
S[10]: -61.302964, -410.614106
S[11]: -56.083361, -312.027031
S[12]: -3251.545207, -3319.518702
S[13]: -3168.931604, -3334.343833
S[14]: -2897.550953, -3284.109950
S[15]: -178.075794, -514.451902
S[16]: -174.548888, -504.526552
S[17]: -137.884956, -469.758634
S[18]: 5014.792774, 2634.067926
S[19]: 911.594473, 2060.752269
S[20]: 0.000000, 0.000000
S[21]: 152.861073, -17.923880
S[22]: -0.310062, -130.119507
S[23]: -151.713210, -41.388135
S[24]: 0.000000, 0.000000
S[25]: -0.006982, -15.825858
S[26]: 0.000000, 0.000000
S[27]: 194.969936, -39.136577
S[28]: 31.859255, 13.409545
S[29]: 0.000000, 0.000000
S[30]: 87.197705, -153.823275
S[31]: -29.802890, -236.990955
S[32]: -12.027345, -42.892525
S[33]: 221.745411, -115.273912
S[34]: -8.343858, -55.514543
S[35]: 0.000000, 0.000000
